F 1850.000000 1927.000000 3.717551
F 1850.000000 1927.000000 3.717551
F 1850.000000 1927.000000 3.717551
F 1850.000000 1927.000000 3.717551
F 1850.000000 1927.000000 3.717551
F 1850.000000 1927.000000 3.717551
F 1850.000000 1927.000000 3.717551
F 1850.000000 1927.000000 3.717551
F 1850.000000 1927.000000 3.717551
F 1850.000000 1927.000000 3.717551
F 1850.000000 1927.000000 3.717551
F 1850.000000 1927.000000 3.717551
F 1850.000000 1927.000000 3.717551
F 1829.218582 1913.504389 3.717551
F 1792.046186 1889.364353 3.717551
F 1754.406366 1864.982976 3.715225
F 1716.591630 1840.550698 3.715225
F 1716.591630 1840.550698 3.715225
F 1679.070032 1816.307817 3.715225
F 1641.430212 1791.926439 3.717551
F 1603.790392 1767.545062 3.715225
F 1566.150571 1743.163684 3.717551
F 1566.150571 1743.163684 3.717551
F 1528.510751 1718.782306 3.715225
F 1490.870931 1694.400928 3.717551
F 1490.870931 1694.400928 3.717551
F 1453.231111 1670.019550 3.715225
F 1415.591290 1645.638172 3.717551
F 1377.951470 1621.256795 3.715225
F 1340.311650 1596.875417 3.717551
F 1302.671829 1572.494039 3.715225
F 1302.671829 1572.494039 3.715225
F 1265.032009 1548.112661 3.717551
F 1227.392189 1523.731283 3.715225
F 1189.577453 1499.299005 3.715225
F 1189.577453 1499.299005 3.715225
F 1152.055855 1475.056125 3.715225
F 1114.416035 1450.674747 3.717551
F 1076.776214 1426.293369 3.715225
F 1038.961479 1401.861091 3.715225
F 1038.961479 1401.861091 3.715225
F 1001.439881 1377.618211 3.715225
F 963.800060 1353.236833 3.717551
F 926.160240 1328.855455 3.715225
F 926.160240 1328.855455 3.715225
F 888.520420 1304.474078 3.717551
F 850.880599 1280.092700 3.715225
F 813.065864 1255.660422 3.715225
F 774.957991 1231.038746 3.715225
F 774.957991 1231.038746 3.715225
F 737.318170 1206.657369 3.717551
F 699.678350 1182.275991 3.715225
F 662.038530 1157.894613 3.717551
F 662.038530 1157.894613 3.717551
F 624.398709 1133.513235 3.715225
F 586.758889 1109.131857 3.717551
F 549.119069 1084.750479 3.715225
F 549.119069 1084.750479 3.715225
F 511.479249 1060.369102 3.717551
F 473.839428 1035.987724 3.715225
F 436.371111 1011.344483 3.731511
F 400.693198 984.783930 3.831558
F 400.693198 984.783930 3.831558
F 367.424209 954.477950 3.929278
F 337.426911 921.165885 4.029325
F 310.967639 885.194966 4.127045
F 288.144086 846.814170 4.224765
F 288.144086 846.814170 4.224765
F 269.295344 806.526438 4.324811
F 254.333720 763.899218 4.424858
F 243.950749 721.007975 4.524905
F 237.704526 676.615762 4.620298
F 237.704526 676.615762 4.620298
F 237.695991 631.135349 4.804105
F 246.112181 587.514825 5.001871
F 262.391719 546.919531 5.185678
F 262.391719 546.919531 5.185678
F 283.847141 512.021432 5.341565
F 311.212592 480.147966 5.502105
F 342.667745 453.358490 5.653338
F 342.667745 453.358490 5.653338
F 377.675800 431.746844 5.806898
F 414.830787 415.753059 5.946498
F 455.646388 405.102389 6.109365
F 496.941394 401.082468 6.262925
F 496.941394 401.082468 6.262925
F 538.017249 403.406523 0.133299
F 578.572574 412.152646 0.291513
F 617.280588 427.090079 0.445073
F 617.280588 427.090079 0.445073
F 657.100702 446.944173 0.479973
F 696.855759 467.698523 0.482299
F 736.610817 488.452874 0.479973
F 775.925652 508.919237 0.479973
F 775.925652 508.919237 0.479973
F 815.680710 529.673588 0.482299
F 855.566200 550.555113 0.482299
F 895.760880 571.598511 0.482299
F 935.515938 592.352861 0.479973
F 935.515938 592.352861 0.479973
F 975.270995 613.107211 0.482299
F 1014.538106 633.664992 0.482299
F 1054.423596 654.546518 0.482299
F 1054.423596 654.546518 0.482299
F 1093.999897 675.266171 0.482299
F 1133.885387 696.147696 0.482299
F 1173.461688 716.867349 0.482299
F 1213.347178 737.748875 0.482299
F 1213.347178 737.748875 0.482299
F 1252.549923 758.798813 0.503239
F 1290.986881 782.537606 0.603286
F 1325.346806 810.994394 0.780113
F 1325.346806 810.994394 0.780113
F 1353.908894 845.474374 0.977879
F 1374.257074 881.824732 1.143073
F 1388.612201 920.755049 1.291979
F 1388.612201 920.755049 1.291979
F 1396.879829 960.880586 1.443213
F 1399.178766 1001.439870 1.585139
F 1395.403283 1042.757941 1.738699
F 1385.954347 1078.472386 1.920179
F 1385.954347 1078.472386 1.920179
F 1370.211518 1111.501934 2.110966
F 1348.557883 1140.999452 2.297099
F 1321.819445 1165.980234 2.483233
F 1321.819445 1165.980234 2.483233
F 1289.734507 1185.968713 2.685653
F 1254.966961 1198.938613 2.883419
F 1218.861205 1204.868375 3.074206
F 1179.450550 1205.048351 3.199846
F 1179.450550 1205.048351 3.199846
F 1134.328692 1202.469541 3.197519
F 1089.903697 1199.930559 3.199846
F 1045.307472 1197.329737 3.199846
F 1045.307472 1197.329737 3.199846
F 999.837183 1194.731014 3.197519
F 955.063757 1192.172117 3.199846
F 910.290330 1189.613221 3.197519
F 910.290330 1189.613221 3.197519
F 866.036629 1187.135675 3.197519
F 821.263202 1184.576779 3.199846
F 776.489776 1182.017883 3.197519
F 731.716350 1179.458987 3.199846
F 686.942923 1176.900091 3.197519
F 686.942923 1176.900091 3.197519
F 641.992313 1174.383528 3.197519
F 597.390157 1171.886474 3.197519
F 552.439547 1169.369911 3.197519
F 552.439547 1169.369911 3.197519
F 507.501296 1166.644216 3.206826
F 463.413044 1159.816389 3.383653
F 425.760326 1144.398880 3.676813
F 399.555252 1124.219806 3.918786
F 399.555252 1124.219806 3.918786
F 378.578585 1097.758363 4.165413
F 365.022144 1068.158589 4.400406
F 358.743436 1035.685850 4.642379
F 358.743436 1035.685850 4.642379
F 360.620771 1001.974076 4.893659
F 370.290694 970.706129 5.130979
F 386.919753 942.716879 5.365973
F 409.020760 919.760989 5.591659
F 409.020760 919.760989 5.591659
F 436.193637 902.144295 5.824326
F 467.024262 891.150665 6.056993
F 509.627413 882.642717 6.115159
F 509.627413 882.642717 6.115159
F 553.506864 875.252156 6.117486
F 597.567003 867.883863 6.117486
F 641.971362 860.458004 6.117486
F 685.687281 853.147276 6.117486
F 685.687281 853.147276 6.117486
F 730.091640 845.721417 6.117486
F 774.495998 838.295559 6.117486
F 818.556137 830.927265 6.117486
F 862.960496 823.501407 6.117486
F 862.960496 823.501407 6.117486
F 907.992482 818.109580 6.210553
F 952.808824 817.096141 0.027414
F 997.502284 820.564019 0.127461
F 997.502284 820.564019 0.127461
F 1041.464181 828.396751 0.225181
F 1084.787991 840.575646 0.322901
F 1126.209719 856.781106 0.422947
F 1126.209719 856.781106 0.422947
F 1165.837941 877.350947 0.534627
F 1201.923293 903.855839 0.732394
F 1231.862763 936.676725 0.930161
F 1253.954173 971.793653 1.088374
F 1253.954173 971.793653 1.088374
F 1270.315441 1009.169271 1.227974
F 1281.130370 1047.965758 1.369901
F 1286.266742 1089.136803 1.523461
F 1287.000173 1132.050991 1.583954
F 1287.000173 1132.050991 1.583954
F 1286.412409 1176.719124 1.583954
F 1285.824645 1221.387257 1.583954
F 1285.241474 1265.706421 1.583954
F 1285.241474 1265.706421 1.583954
F 1284.594250 1310.897276 1.586281
F 1283.907964 1355.214963 1.586281
F 1283.210870 1400.230565 1.586281
F 1282.513776 1445.246168 1.586281
F 1282.513776 1445.246168 1.586281
F 1281.822086 1489.912813 1.586281
F 1279.284091 1535.024488 1.667714
F 1272.797532 1579.205079 1.765434
F 1272.797532 1579.205079 1.765434
F 1262.023510 1622.359418 1.865481
F 1246.757343 1664.878522 1.965527
F 1227.742113 1704.895850 2.063247
F 1227.742113 1704.895850 2.063247
F 1203.155017 1742.543732 2.235421
F 1172.352770 1774.799974 2.430861
F 1138.026464 1799.608101 2.600707
F 1100.952744 1819.037371 2.717041
F 1100.952744 1819.037371 2.717041
F 1059.928556 1837.582086 2.717041
F 1019.540402 1855.839286 2.717041
F 978.044742 1872.823015 2.789167
F 935.613406 1886.168730 2.884561
F 935.613406 1886.168730 2.884561
F 891.562106 1895.366765 2.986934
F 846.632536 1900.085217 3.086981
F 801.979047 1900.342065 3.184701
F 801.979047 1900.342065 3.184701
F 757.345514 1896.173223 3.284747
F 713.854402 1887.718121 3.382467
F 670.241572 1874.660830 3.482514
F 629.582149 1857.957964 3.580234
F 629.582149 1857.957964 3.580234
F 589.821649 1836.877626 3.677954
F 552.076578 1811.739022 3.780327
F 517.299323 1783.176449 3.878047
F 517.299323 1783.176449 3.878047
F 485.881942 1751.691141 3.978094
F 457.545897 1716.954991 4.078141
F 432.680652 1679.445024 4.175861
F 411.920608 1640.304430 4.273581
F 411.920608 1640.304430 4.273581
F 394.271432 1599.275313 4.338727
F 377.852699 1557.542437 4.336401
F 361.321350 1515.666371 4.336401
F 361.321350 1515.666371 4.336401
F 344.918151 1474.114925 4.336401
F 328.499419 1432.382050 4.338727
F 312.080686 1390.649175 4.336401
F 295.421187 1348.448488 4.336401
F 295.421187 1348.448488 4.336401
F 280.867756 1306.045344 4.427141
F 270.573455 1263.311262 4.524861
F 264.380999 1218.561027 4.624907
F 264.380999 1218.561027 4.624907
F 262.643339 1173.591498 4.722627
F 264.451117 1128.962908 4.783121
F 267.568498 1084.224898 4.780794
F 270.661620 1039.835043 4.783121
F 270.661620 1039.835043 4.783121
F 273.818713 995.274743 4.783121
F 276.936095 950.536732 4.780794
F 280.053477 905.798722 4.783121
F 280.053477 905.798722 4.783121
F 283.219378 860.364400 4.780794
F 286.248931 816.145058 4.780794
F 289.366312 771.407048 4.783121
F 289.366312 771.407048 4.783121
F 292.548070 726.498620 4.783121
F 295.665452 681.760610 4.780794
F 298.782833 637.022599 4.783121
F 301.778916 594.025367 4.780794
F 302.227722 587.584487 4.783121
F 302.227722 587.584487 4.783121
F 302.227722 587.584487 4.783121
F 302.227722 587.584487 4.783121
F 302.227722 587.584487 4.783121
F 302.227722 587.584487 4.783121
F 302.227722 587.584487 4.783121
F 302.227722 587.584487 4.783121
